Turbo code with rate 0.6,
with block size 9600,
averaged over 7 blocks.
(thus, Shannon limit = 1.16006dB)
row: no. of iteration.
column: E_b / N_0.
content: B.E.R.

        0.645   1.059   1.473   1.887   2.301   2.714   3.128   3.542   
1       -16.608 -18.294 -19.458 -20.940 -23.087 -23.589 -25.648 -27.628 
2       -39.821 -41.283 -41.283 -42.252 -43.501 -42.252 -42.252 -41.283 
4       -45.262 -42.252 -43.501 -45.262 -42.252 -45.262 -42.252 -41.283 
6       -15.350 -40.491 -21.460 -21.397 -21.721 -20.265 -8.568  -10.554 
9       -6.278  -7.829  -16.852 -16.915 -9.541  -12.334 -7.611  -7.899  
12      -6.032  -7.380  -16.558 -16.940 -8.786  -11.970 -7.460  -7.650  
18      -6.035  -7.314  -16.253 -14.844 -8.711  -12.005 -7.380  -7.584  
24      -6.050  -7.312  -15.754 -15.058 -8.768  -12.005 -7.379  -7.530  
