Turbo code with rate 0.6,
with block size 4800,
averaged over 20 blocks.
(thus, Shannon limit = 1.16006dB)
row: no. of iteration.
column: E_b / N_0.
content: B.E.R.

        0.645   1.059   1.473   1.887   2.301   2.714   3.128   3.542   
1       -16.581 -18.182 -19.760 -21.122 -22.856 -23.577 -25.474 -26.298 
2       -34.768 -38.681 -37.516 -38.681 -39.028 -39.406 -39.028 -38.059 
4       -42.038 -40.278 -39.820 -39.406 -39.820 -39.820 -40.278 -39.028 
6       -38.359 -35.348 -20.400 -14.499 -20.187 -20.365 -21.546 -24.342 
9       -23.346 -16.002 -10.065 -8.768  -14.038 -13.943 -12.059 -17.127 
12      -19.090 -15.318 -9.772  -8.346  -13.113 -12.915 -11.386 -16.132 
18      -18.758 -14.448 -9.765  -8.332  -12.971 -12.756 -10.754 -15.773 
24      -18.758 -14.389 -9.821  -8.330  -13.009 -12.615 -11.122 -16.052 
