Turbo code with rate 0.6,
with block size 38400,
averaged over 7 blocks.
(thus, Shannon limit = 1.16006dB)
row: no. of iteration.
column: E_b / N_0.
content: B.E.R.

        0.645   1.059   1.473   1.887   2.301   2.714   3.128   3.542   
1       -16.667 -18.325 -19.764 -21.234 -22.845 -24.281 -25.407 -27.419 
2       -38.853 -44.294 -44.752 -45.263 -51.284 -48.273 -48.273 -49.523 
4       -44.752 -49.523 -54.294 -46.512 -51.284 -47.304 -51.284 -47.304 
6       -43.502 -14.240 -24.395 -16.248 -17.100 -16.545 -9.634  -9.618  
9       -9.404  -8.782  -14.804 -15.415 -14.839 -10.661 -9.022  -7.745  
12      -9.312  -8.718  -14.900 -15.387 -12.087 -9.755  -8.924  -7.266  
18      -8.823  -8.729  -14.517 -15.385 -12.178 -9.391  -8.542  -6.720  
24      -8.839  -8.647  -14.301 -15.372 -12.067 -9.125  -8.447  -6.612  
