Turbo code with rate 0.6,
with block size 9600,
averaged over 7 blocks.
(thus, Shannon limit = 1.16006dB)
row: no. of iteration.
column: E_b / N_0.
content: B.E.R.

        0.645   1.059   1.473   1.887   2.301   2.714   3.128   3.542   
1       -16.593 -18.463 -19.669 -21.415 -22.844 -23.574 -25.508 -26.629 
2       -40.491 -43.501 -39.241 -39.241 -45.262 -42.252 -42.252 -42.252 
4       -42.252 -43.501 -42.252 -43.501 -43.501 -42.252 -43.501 -43.501 
6       -42.252 -38.730 -13.774 -40.491 -21.579 -14.599 -24.693 -16.823 
9       -24.789 -17.008 -11.294 -17.950 -15.219 -13.874 -20.362 -14.166 
12      -17.922 -16.780 -11.163 -18.277 -14.976 -13.818 -19.458 -14.231 
18      -18.161 -16.762 -11.163 -17.258 -13.761 -13.768 -17.922 -14.094 
24      -18.272 -16.305 -11.277 -17.699 -13.829 -13.793 -17.918 -14.093 
