Turbo code with rate 0.6,
with block size 1200,
averaged over 50 blocks.
(thus, Shannon limit = 1.16006dB)
row: no. of iteration.
column: E_b / N_0.
content: B.E.R.

        0.645   1.059   1.473   1.887   2.301   2.714   3.128   3.542   
1       -16.419 -17.719 -19.222 -20.553 -21.816 -22.899 -24.826 -25.266 
2       -30.212 -32.089 -32.330 -31.239 -31.973 -34.346 -33.457 -32.999 
3       -32.208 -32.999 -33.791 -32.456 -34.346 -33.621 -33.969 -33.457 
4       -32.719 -32.456 -34.548 -33.457 -34.153 -33.457 -33.791 -33.791 
5       -32.208 -31.750 -33.791 -32.999 -33.147 -33.457 -32.719 -33.299 
6       -31.973 -31.143 -32.999 -32.330 -32.857 -32.857 -31.860 -32.719 
7       -31.973 -30.367 -32.857 -31.973 -32.857 -31.973 -31.336 -32.586 
8       -31.538 -30.528 -32.208 -31.750 -32.456 -31.436 -22.281 -32.586 
9       -31.538 -30.528 -32.089 -31.750 -22.746 -31.538 -20.151 -32.586 
