Turbo code with rate =3/5, block size 960000, averaged over 5 blocks.
row: no. of iteration.
column: E_b / N_0.
content: B.E.R.

        0.463   0.591   0.719   0.848   0.976   1.104   1.233   1.361   
1       -25.102 -26.290 -27.273 -28.414 -29.423 -30.485 -31.523 -32.892 
2       -49.823 -51.761 -52.833 -57.781 -56.812 -63.802 -55.351 -59.031 
4       -50.091 -48.300 -48.487 -50.091 -51.372 -49.331 -48.683 -48.004 
6       -56.021 -53.010 -54.771 -57.781 -56.812 -66.812 -52.341 -62.041 
9       -51.761 -50.280 -48.487 -53.010 -52.041 -56.812 -50.792 -53.388 
12      -52.341 -53.388 -52.188 -53.195 -53.590 -49.910 -50.685 -47.417 
18      -55.051 -50.792 -51.899 -56.812 -52.041 -63.802 -50.902 -57.270 
24      -51.498 -51.899 -50.902 -51.498 -50.280 -49.104 -51.372 -48.888 
