Turbo code with rate 0.6,
with block size 1200,
averaged over 50 blocks.
(thus, Shannon limit = 1.16006dB)
row: no. of iteration.
column: E_b / N_0.
content: B.E.R.

        0.645   1.059   1.473   1.887   2.301   2.714   3.128   3.542   
1       -25.466 -26.665 -29.137 -32.857 -34.760 -33.969 -32.208 -34.760 
2       -33.457 -35.466 -36.010 -35.218 -34.983 -36.631 -36.010 -35.466 
3       -25.365 -26.532 -26.598 -25.006 -25.076 -25.006 -24.782 -24.097 
4       -19.602 -20.144 -19.465 -18.894 -18.507 -19.246 -18.745 -18.833 
5       -21.916 -22.956 -22.815 -23.538 -21.894 -23.162 -23.058 -21.675 
6       -26.665 -27.993 -27.600 -28.686 -27.948 -27.993 -29.777 -26.435 
7       -24.078 -25.649 -26.097 -24.915 -25.518 -24.960 -25.099 -24.172 
8       -21.396 -21.961 -21.838 -21.210 -22.788 -22.559 -21.916 -24.078 
9       -21.601 -21.466 -21.860 -22.418 -20.895 -22.533 -19.819 -22.293 
