Turbo code with rate =3/5, block size 480000, averaged over 5 blocks.
row: no. of iteration.
column: E_b / N_0.
content: B.E.R.

        0.420   0.506   0.592   0.678   0.764   0.850   0.936   1.022   1.108   1.194   
1       -24.369 -25.125 -25.561 -26.295 -27.094 -27.540 -28.486 -28.759 -29.579 -30.075 
2       -50.792 -47.891 -49.331 -51.249 -53.802 -53.010 -54.771 -52.041 -60.792 -56.812 
4       -46.478 -46.990 -44.717 -47.081 -46.243 -46.812 -48.239 -44.717 -44.826 -47.081 
6       -53.010 -52.663 -50.378 -51.015 -54.771 -53.010 -54.260 -52.341 -56.021 -56.812 
9       -47.081 -47.674 -46.320 -48.751 -47.270 -51.249 -49.331 -48.617 -51.761 -49.031 
12      -49.331 -46.900 -48.004 -49.488 -51.015 -50.000 -50.185 -48.617 -49.178 -49.178 
18      -50.378 -50.185 -48.239 -51.015 -50.792 -53.388 -49.178 -48.751 -50.378 -52.341 
24      -50.000 -47.368 -50.378 -48.888 -48.120 -50.792 -51.761 -51.498 -48.617 -55.351 
