Turbo code with rate 0.6,
with block size 540000,
averaged over 7 blocks.
(thus, Shannon limit = 1.16006dB)
row: no. of iteration.
column: E_b / N_0.
content: B.E.R.

        0.645   1.059   1.473   1.887   2.301   2.714   3.128   3.542   
1       -18.562 -20.434 -22.233 -24.088 -25.715 -27.288 -28.238 -29.418 
2       -18.949 -20.675 -22.181 -23.624 -24.569 -25.411 -25.567 -26.163 
4       -19.185 -20.776 -22.209 -23.476 -24.402 -25.133 -25.301 -25.777 
6       -19.368 -20.929 -22.331 -23.583 -24.457 -25.194 -25.304 -25.780 
9       -19.519 -21.053 -22.410 -23.663 -24.470 -25.198 -25.328 -25.792 
12      -19.609 -21.105 -22.467 -23.693 -24.493 -25.214 -25.329 -25.799 
18      -19.693 -21.158 -22.491 -23.719 -24.502 -25.223 -25.330 -25.794 
24      -19.724 -21.185 -22.515 -23.728 -24.508 -25.239 -25.328 -25.796 
