Turbo code with rate 0.6,
with block size 5400,
averaged over 25 blocks.
(thus, Shannon limit = 1.16006dB)
row: no. of iteration.
column: E_b / N_0.
content: B.E.R.

        7.404   7.818   8.231   8.645   9.059   9.473   9.887   10.301  
1       -35.619 -34.769 -35.280 -36.249 -35.619 -35.503 -36.987 -37.499 
2       -20.023 -19.563 -19.678 -19.225 -19.174 -19.012 -21.085 -20.423 
4       -19.991 -19.584 -19.672 -19.235 -19.168 -19.019 -21.097 -20.444 
6       -19.988 -19.575 -19.666 -19.252 -19.179 -19.014 -21.064 -20.391 
9       -20.007 -19.575 -19.663 -19.230 -19.168 -18.999 -21.126 -20.441 
12      -20.004 -19.575 -19.678 -19.225 -19.171 -19.022 -21.126 -20.427 
18      -19.998 -19.517 -19.654 -19.214 -19.176 -19.014 -21.126 -20.430 
24      -19.972 -19.566 -19.648 -19.225 -19.198 -19.009 -21.097 -20.455 
