Turbo code with rate 0.6,
with block size 2400,
averaged over 150 blocks.
(thus, Shannon limit = 1.16006dB)
row: no. of iteration.
column: E_b / N_0.
content: B.E.R.

        0.645   1.059   1.473   1.887   2.301   2.714   3.128   3.542   
1       -25.708 -29.045 -30.452 -33.029 -34.766 -36.064 -37.233 -36.693 
2       -36.315 -37.634 -36.865 -37.999 -38.482 -38.076 -38.315 -38.568 
3       -29.006 -28.855 -28.414 -28.307 -28.083 -27.634 -27.648 -26.918 
4       -22.682 -22.215 -22.851 -23.182 -22.624 -22.569 -22.740 -21.955 
5       -25.296 -25.863 -26.790 -28.772 -28.218 -28.210 -28.473 -27.923 
6       -29.570 -30.686 -30.129 -31.828 -31.884 -31.702 -31.847 -31.684 
7       -27.578 -28.647 -27.303 -27.634 -27.094 -27.496 -27.284 -27.194 
8       -25.120 -24.723 -24.585 -25.038 -24.162 -25.073 -25.619 -24.616 
9       -26.284 -25.450 -26.441 -26.162 -27.999 -26.990 -27.564 -27.258 
