Turbo code with rate 0.6,
with block size 600,
averaged over 80 blocks.
(thus, Shannon limit = 1.16006dB)
row: no. of iteration.
column: E_b / N_0.
content: B.E.R.

        0.645   1.059   1.473   1.887   2.301   2.714   3.128   3.542   
1       -24.026 -26.337 -27.346 -29.387 -31.109 -30.993 -31.739 -34.003 
2       -30.163 -31.739 -30.663 -30.259 -31.606 -30.558 -32.477 -33.173 
3       -22.674 -22.952 -22.461 -21.156 -21.216 -21.228 -21.313 -22.137 
4       -15.109 -15.123 -15.027 -15.162 -15.408 -14.478 -14.890 -15.497 
5       -15.621 -16.941 -16.135 -18.923 -17.563 -16.696 -17.395 -17.234 
6       -20.497 -22.777 -21.672 -23.527 -24.190 -22.152 -23.155 -23.466 
7       -22.742 -22.227 -21.821 -22.725 -22.777 -21.933 -22.674 -23.230 
8       -19.689 -19.698 -18.453 -18.472 -20.288 -18.853 -19.403 -19.836 
9       -17.253 -17.390 -17.621 -17.055 -18.211 -17.451 -17.405 -17.653 
