Turbo code with rate 0.6,
with block size 600,
averaged over 80 blocks.
(thus, Shannon limit = 1.16006dB)
row: no. of iteration.
column: E_b / N_0.
content: B.E.R.

        0.645   1.059   1.473   1.887   2.301   2.714   3.128   3.542   
1       -24.119 -26.337 -27.814 -28.797 -30.070 -30.993 -33.568 -33.568 
2       -31.109 -30.456 -32.167 -30.663 -30.770 -29.467 -30.770 -30.070 
3       -22.708 -21.350 -21.849 -21.753 -20.993 -20.970 -20.914 -20.356 
4       -16.039 -14.316 -14.887 -14.390 -14.788 -14.494 -15.828 -14.180 
5       -16.870 -16.554 -16.717 -17.584 -18.408 -17.960 -18.266 -17.605 
6       -21.301 -23.406 -21.699 -22.970 -24.972 -24.538 -22.777 -23.025 
7       -22.708 -22.257 -21.962 -21.849 -21.566 -22.970 -20.825 -21.387 
8       -19.784 -18.980 -18.327 -17.920 -18.223 -18.181 -19.639 -18.023 
9       -17.069 -17.326 -17.527 -16.595 -17.426 -16.982 -18.608 -17.064 
