Turbo code with rate 0.6,
with block size 540000,
averaged over 7 blocks.
(thus, Shannon limit = 1.16006dB)
row: no. of iteration.
column: E_b / N_0.
content: B.E.R.

        0.645   1.059   1.473   1.887   2.301   2.714   3.128   3.542   
1       -11.145 -11.349 -11.507 -11.597 -11.666 -11.699 -11.741 -11.752 
2       -9.826  -9.939  -10.017 -10.053 -10.075 -10.067 -10.090 -10.079 
4       -9.997  -10.111 -10.199 -10.244 -10.282 -10.306 -10.349 -10.370 
6       -10.011 -10.120 -10.204 -10.246 -10.283 -10.306 -10.350 -10.369 
9       -10.023 -10.125 -10.209 -10.248 -10.284 -10.307 -10.350 -10.370 
12      -10.028 -10.128 -10.212 -10.249 -10.284 -10.307 -10.350 -10.370 
18      -10.034 -10.131 -10.213 -10.250 -10.285 -10.307 -10.350 -10.370 
24      -10.037 -10.132 -10.213 -10.250 -10.285 -10.307 -10.350 -10.370 
